set limits x 3.3 to 8.0
set limits y .3 to 75.
title top 'COVID-19 cases in Hawaii & US 2020'
title left 'daily cases HI (o) or US/1000 (square), US/100 deaths (*)'
title bottom 'month + day/(days in month)'
set order x y symbol
set scale y log
--------  < symbol for days with 0 cases
 Hawaii
month daily cumulative
      cases    cases
3.26 1 o
3.45 2 o
3.48 3 o
3.52 3 o 10
3.55 3 o 13
3.58 3 o 16
3.61 10 o 26
3.65 11 o 37
3.68 11 o 48
3.71 8 o  56
3.74 21 o 77
3.77 13 o 90
3.81 5 o 95
3.84 11 o 106
3.87 14 o 120
3.90 31 o 151
3.94 24 o 175
3.97 29 o 204
3.99 20 o 224
4.03 34 o 258
4.07 27 o 285
4.10 34 o 319
4.13 32 o 351
4.17 20 o 371
4.20 16 o 387
4.23 23 o 410
4.27 25 o 435
4.30 7 o 442
4.33 23 o 465
4.37 21 o 486
4.40 13 o 499
4.43 5 o 504
4.47 13 o 517
4.50 13 o 530
4.53 11 o 541
4.56 12 o 553
4.60 21 o 574
4.63 6 o 580
4.67 4 o 584
4.70 2 o 586
4.73 6 o 592
4.77 4 o 596
4.80 5 o 601
4.83 3 o 604
4.87 2 o 606
4.90 1 o 607
4.93 2 o 609
4.97 4 o 613
4.99 5 o 618
5.03 1 o 619
5.06 1 o 620
5.10 2 o 620
5.13 1 o 621
5.16 4 o 625
5.19 1 o 626
5.23 3 o 629
5.26 .6 '<' 629
5.29 3 o 631
5.32 1 o 632
5.35 2 o 634
5.39 1 o 635
5.42 3 o 638
5.45 .6 '<' 637
5.48 1 o 638
5.52 2 o 639
5.55 1 o 640
5.58 .6 '<' 640
5.61 1 o 641
5.65 2 o 643
5.68 4 o 647
5.71 .6 '<' 642
5.74 1 o 643
5.77 .6 '<' 643
5.81 .6 '<' 643
5.84 .6 '<' 643
5.87 1 o 644
5.90 3 o 647        
5.94 3 o 649
5.97 3 o 651
5.99 1 o 652
6.03 .6 '<' 652
6.07 1 o 653
6.10 .6 '<' 653
6.13 2 o 655
6.17 9 o 664
6.20 9 o 673
6.23 2 o 675
6.27 1 o 676
6.30 6 o 682
6.33 4 o 685
6.37 7 o 692
6.40 15 o 706
6.43 17 o 723
6.47 5 o 728
6.50 8 o 736
6.53 4 o 740
6.57 5 o 744
6.60 18 o 762
6.63 27 o 789
6.67 14 o 803
6.70 11 o 814
6.73  4 o 816
6.77  3 o 819
6.80 16 o 835
6.83 17 o 851
6.87 17 o 866
6.90  6 o 872
6.93 27 o 899
6.97  2 o 900 
6.99 18 o 917
7.03  9 o 926
7.06 20 o 946
7.10 29 o 975
7.13 24 o 999
7.16 25 o 1023
7.19  7 o 1030
7.23 41 o 1071
7.26 23 o 1094
7.29 36 o 1130
7.32 28 o 1158
7.35 42 o 1200
7.39 21 o 1220
7.42 23 o 1243
7.45 22 o 1264
plot
--------------
set symbol '*'
4.10 32
4.63 28
5.16 24.5
5.68 21.4
6.17 18.8
join  
plot
6.20 20.0
6.80 40.0
7.40 80.0
join
plot
----------------------
  U.S.
month daily 
     cases/1000  
set symbol 3O
set order x y
3.32 .290
3.35 .307
3.39 .329
3.42 .553
3.45 .588
3.48 .846
3.52 .983  1800
3.55 1.748 1400
3.58 2.848 5900
3.61 4.530 5400
3.65 5.594 6400
3.68 4.824 7800
3.71 9.359 10600
3.74 10.168 9900
3.77 11.089 
3.81 13.355
3.84 17.224
3.87 18.691
3.90 19.452
3.94 19.913
3.97 20.297
3.99 24.742
4.03 26.473
4.07 29.874
4.10 32.284
4.13 34.196
4.17 25.400
4.20 31.240
4.23 33.502
4.27 31.997
4.30 33.606
4.33 33.752
4.37 30.003
4.40 27.421
4.43 26.641
4.47 30.720
4.50 30.342
4.53 29.567
4.57 32.165
4.60 29.057 
4.63 25.844
4.67 28.123
4.70 25.985
4.73 29.973
4.77 31.487
4.80 38.958
4.83 35.419
4.87 26.509
4.90 23.196
4.93 25.409
4.97 28.429
4.99 30.829
5.03 36.007
5.06 29.744
5.10 27.348
5.13 24.713
5.16 24.798
5.19 25.459
5.23 29.531
5.26 29.162
5.29 25.524
5.32 20.329
5.35 18.196 
5.39 22.802
5.42 21.711 
5.45 27.246
5.48 26.692
5.52 23.488
5.55 19.891
5.58 22.630
5.61 20.289 
5.65 22.140
5.68 28.179
5.71 24.197
5.74 21.929
5.77 19.608
5.81 19.790
5.84 19.031
5.87 20.546
5.90 22.658
5.94 25.069
5.97 23.290 
5.99 20.350
6.03 22.411
6.07 22.258
6.10 20.798
6.13 22.819
6.17 25.393
6.20 22.836
6.23 18.905
6.27 19.044
6.30 19.056
6.33 20.852
6.37 23.300
6.40 27.221
6.43 25.302
6.47 20.004
6.50 20.722
6.53 25.450
6.57 26.071
6.60 27.924
6.63 33.539
6.67 33.388
6.70 26.079
6.73 31.496
6.77 36.015
6.80 38.390
6.83 40.184
6.87 47.341
6.90 43.581
6.93 40.540
6.97 44.734
6.99 46.042
7.03 51.097
7.06 57.319
7.10 58.911
7.13 48.369
7.16 45.932
7.19 50.586
7.23 55.442
7.26 61.848
7.29 61.067
7.32 71.787
7.35 61.719
7.39 58.349
7.42 65.488
plot
------------------------
  U.S.
month daily   
     cases/1000  
           deaths/100
set order x dummy y
set symbol '*'
3.61 4.530 0.5
3.65 5.594 0.7
3.68 4.824 0.7
3.71 9.359 1.4
3.74 10.168 1.8
3.77 11.089 2.7
3.81 13.355 3.1
3.84 17.224 3.6
3.87 18.691 5.0
3.90 19.452 6.5
3.94 19.913 5.0
3.97 20.297 8.2
3.99 24.742 11.0
4.03 26.473 12.6
4.07 29.874 12.1
4.10 32.284 12.8
4.13 34.196 15.8
4.17 25.400 14.2
4.20 31.240 15.2
4.23 33.502 22.7
4.27 31.997 22.1
4.30 33.606 21.5
4.33 33.752 22.8
4.37 30.003 20.7
4.40 27.421 17.6
4.43 26.641 17.5
4.47 30.720 26.3
4.50 30.342 26.9
4.53 29.567 22.5
4.57 32.165 26.0
4.60 29.057 19.2
4.63 25.844 15.9
4.67 28.123 19.8
4.70 25.985 27.5
4.73 29.973 24.1
4.77 31.487 24.0
4.80 38.958 19.9
4.83 35.419 21.1
4.87 26.509 11.7
4.90 23.196 14.0
4.93 25.409 25.4
4.97 28.429 24.4
4.99 30.829 22.7
5.03 36.007 19.0
5.06 29.744 17.0
5.10 27.348 11.5
5.13 24.713 13.3  19
5.16 24.798 23.5
5.19 25.459 25.3
5.23 29.531 21.3
5.26 29.162 16.9
5.29 25.524 14.3
5.32 20.329 7.5
5.35 18.196 10.6
5.39 22.802 18.8
5.42 21.711 18.2
5.45 27.246 17.6
5.48 26.692 16.0
5.52 23.488 12.2
5.55 19.891 8.6
5.58 22.630 10.0
5.61 20.289 15.6
5.65 22.140 14.0
5.68 28.179 14.1
5.71 24.197 13.0
5.74 21.929 10.4
5.77 19.608 6.2
5.81 19.790 5.1
5.84 19.031 7.8
5.87 20.546 15.4
5.90 22.658 12.2
5.94 25.069 12.1
5.97 23.290 10.2
5.99 20.350 6.4
6.03 22.411 7.3
6.07 22.258 11.4
6.10 20.798 10.8
6.13 22.819 10.3
6.17 25.393 9.8
6.20 22.836 7.1
6.23 18.905 3.7
6.27 19.044 5.9
6.30 19.056 10.9
6.33 20.852 9.8
6.37 23.300 9.0
6.40 27.221 7.9
6.43 25.302 7.0
6.47 20.004 3.3
6.50 20.722 4.2
6.53 25.450 8.5
6.57 26.071 8.1
6.60 27.924 7.5
6.63 33.539 7.2
6.67 33.388 5.7
6.70 26.079 2.7
6.73 31.496 3.6
6.77 36.015 8.7
6.80 38.390 8.1
6.83 40.184 6.5
6.87 47.341 6.6
6.90 43.581 5.1
6.93 40.540 2.8
6.97 44.734 3.7
6.99 46.042 7.6
7.03 51.097 6.8
7.06 57.236 6.9
7.10 54.904 6.2
7.13 45.182 2.5
7.16 44.530 2.5
7.19 50.586 3.8
7.23 55.442 9.9
7.26 61.848 8.9
7.29 61.067 9.6
7.32 71.787 8.5
7.35 61.719 7.3
7.39 58.349 3.8
7.42 65.488 4.6
plot

